10
2
0 97
9 0

3
0 92 105
67 0 67
8 47 0

4
0 49 5 38
4 0 56 52
5 68 0 88
108 107 2 0

5
0 90 79 17 14
3 0 78 47 50
49 25 0 42 40
46 73 84 0 40
11 72 24 42 0

6
0 28 14 22 106 22
51 0 42 22 18 68
73 78 0 90 17 50
78 72 104 0 40 54
20 91 14 61 0 105
36 106 106 78 74 0

7
0 50 86 65 43 105 66
55 0 93 88 25 95 80
87 87 0 69 107 15 53
64 82 77 0 64 90 71
28 12 29 102 0 68 109
1 56 45 11 23 0 24
99 14 76 52 63 2 0

8
0 80 73 0 84 63 16 65
76 0 36 104 12 69 107 81
53 89 0 10 75 105 58 98
10 2 40 0 34 69 60 97
88 38 19 10 0 80 41 33
99 18 31 88 8 0 44 108
30 13 94 16 86 26 0 40
105 12 43 29 78 108 37 0

9
0 34 34 78 46 63 37 81 97
13 0 6 58 31 25 28 90 18
66 68 0 106 23 62 106 49 71
31 109 11 0 91 71 102 69 100
68 102 7 45 0 14 7 0 13
70 97 12 75 10 0 37 2 72
9 17 93 8 65 38 0 49 109
72 57 42 89 51 48 37 0 107
106 68 104 81 3 5 11 31 0

10
0 32 9 66 83 92 73 64 68 30
100 0 23 35 28 28 70 39 23 36
65 83 0 33 45 67 85 105 43 45
69 22 78 0 79 12 76 60 56 76
76 101 88 76 0 81 73 54 39 20
31 93 87 62 58 0 103 2 5 13
59 46 56 72 99 23 0 109 51 71
14 105 27 23 36 36 43 0 4 70
79 59 22 16 32 91 101 6 0 93
107 15 86 37 37 103 94 20 43 0

11
0 2 76 24 94 27 104 62 42 48 13
16 0 81 87 83 2 73 36 76 22 106
55 73 0 35 104 52 40 92 18 72 58
40 65 18 0 81 68 20 77 54 15 63
97 68 22 36 0 69 96 105 60 18 34
25 98 56 41 74 0 53 36 5 17 78
52 61 80 39 35 76 0 67 88 17 15
96 79 48 68 75 49 109 0 21 39 99
103 13 66 6 108 63 82 18 0 22 29
83 69 48 66 93 7 65 79 4 0 105
20 29 37 77 61 44 80 79 108 54 0